193
230
185
103
44
117
151
221
161
34
217
87
83
204
134
142
231
23
207
89
33
72
148
251
165
230
254
125
185
38
3
78
196
156
131
100
32
79
240
94
96
57
183
253
175
210
183
211
98
44
146
103
99
61
160
176
6
71
181
132
17
140
34
227
172
77
251
8
73
169
160
3
127
215
192
102
203
186
94
116
175
28
59
210
223
152
27
105
54
133
239
219
129
121
149
177
78
19
113
235
88
29
252
218
62
24
155
249
45
60
124
2
234
66
62
211
69
37
250
143
230
188
33
210
156
25
52
0
185
196
175
201
15
91
57
80
172
229
157
210
4
38
93
24
135
117
116
141
119
245
99
244
141
4
6
52
57
200
64
158
160
60
67
59
246
186
222
240
221
0
76
21
31
190
83
118
86
17
149
50
212
69
134
184
250
76
198
157
95
115
62
73
182
211
98
186
150
208
150
48
79
72
12
126
82
198
166
5
237
65
232
239
46
249
240
66
157
69
227
212
141
240
251
32
85
189
254
206
188
35
101
121
197
116
24
190
93
2
76
160
7
41
76
45
43
162
228
37
221
146
66
193
169
32
89
20